3994.05698 0.54104
3992.12842 0.54109
3990.19985 0.54118
3988.27129 0.54130
3986.34272 0.54141
3984.41416 0.54150
3982.48560 0.54154
3980.55703 0.54154
3978.62847 0.54160
3976.69990 0.54175
3974.77134 0.54185
3972.84277 0.54190
3970.91421 0.54195
3968.98564 0.54204
3967.05708 0.54209
3965.12852 0.54209
3963.19995 0.54217
3961.27139 0.54225
3959.34282 0.54224
3957.41426 0.54228
3955.48569 0.54240
3953.55713 0.54245
3951.62856 0.54244
3949.70000 0.54253
3947.77144 0.54264
3945.84287 0.54255
3943.91431 0.54262
3941.98574 0.54297
3940.05718 0.54317
3938.12861 0.54315
3936.20005 0.54296
3934.27148 0.54287
3932.34292 0.54313
3930.41436 0.54346
3928.48579 0.54343
3926.55723 0.54336
3924.62866 0.54358
3922.70010 0.54365
3920.77153 0.54346
3918.84297 0.54343
3916.91440 0.54375
3914.98584 0.54395
3913.05728 0.54391
3911.12871 0.54386
3909.20015 0.54373
3907.27158 0.54348
3905.34302 0.54351
3903.41445 0.54385
3901.48589 0.54426
3899.55732 0.54479
3897.62876 0.54490
3895.70020 0.54432
3893.77163 0.54393
3891.84307 0.54449
3889.91450 0.54481
3887.98594 0.54435
3886.05737 0.54445
3884.12881 0.54475
3882.20024 0.54475
3880.27168 0.54504
3878.34312 0.54502
3876.41455 0.54461
3874.48599 0.54448
3872.55742 0.54443
3870.62886 0.54490
3868.70029 0.54536
3866.77173 0.54510
3864.84316 0.54505
3862.91460 0.54542
3860.98604 0.54559
3859.05747 0.54498
3857.12891 0.54383
3855.20034 0.54383
3853.27178 0.54577
3851.34321 0.54694
3849.41465 0.54643
3847.48608 0.54556
3845.55752 0.54531
3843.62896 0.54550
3841.70039 0.54548
3839.77183 0.54562
3837.84326 0.54635
3835.91470 0.54678
3833.98613 0.54649
3832.05757 0.54623
3830.12900 0.54609
3828.20044 0.54607
3826.27187 0.54607
3824.34331 0.54567
3822.41475 0.54600
3820.48618 0.54685
3818.55762 0.54672
3816.62905 0.54675
3814.70049 0.54725
3812.77192 0.54710
3810.84336 0.54634
3808.91479 0.54612
3806.98623 0.54685
3805.05767 0.54683
3803.12910 0.54666
3801.20054 0.54755
3799.27197 0.54792
3797.34341 0.54770
3795.41484 0.54764
3793.48628 0.54757
3791.55771 0.54746
3789.62915 0.54739
3787.70059 0.54743
3785.77202 0.54767
3783.84346 0.54781
3781.91489 0.54770
3779.98633 0.54799
3778.05776 0.54838
3776.12920 0.54825
3774.20063 0.54774
3772.27207 0.54743
3770.34351 0.54784
3768.41494 0.54822
3766.48638 0.54836
3764.55781 0.54832
3762.62925 0.54794
3760.70068 0.54786
3758.77212 0.54831
3756.84355 0.54839
3754.91499 0.54766
3752.98643 0.54741
3751.05786 0.54845
3749.12930 0.54904
3747.20073 0.54798
3745.27217 0.54810
3743.34360 0.54941
3741.41504 0.54949
3739.48647 0.54856
3737.55791 0.54818
3735.62935 0.54896
3733.70078 0.54983
3731.77222 0.55000
3729.84365 0.54918
3727.91509 0.54841
3725.98652 0.54844
3724.05796 0.54880
3722.12939 0.54913
3720.20083 0.54939
3718.27227 0.54945
3716.34370 0.54904
3714.41514 0.54853
3712.48657 0.54893
3710.55801 0.54988
3708.62944 0.55022
3706.70088 0.54973
3704.77231 0.54916
3702.84375 0.54934
3700.91519 0.54987
3698.98662 0.54987
3697.05806 0.54960
3695.12949 0.54927
3693.20093 0.54893
3691.27236 0.54912
3689.34380 0.55027
3687.41523 0.55101
3685.48667 0.55040
3683.55811 0.54953
3681.62954 0.54910
3679.70098 0.54872
3677.77241 0.54865
3675.84385 0.54986
3673.91528 0.55025
3671.98672 0.54943
3670.05815 0.54954
3668.12959 0.54990
3666.20103 0.54943
3664.27246 0.54886
3662.34390 0.54870
3660.41533 0.54853
3658.48677 0.54832
3656.55820 0.54858
3654.62964 0.54836
3652.70107 0.54745
3650.77251 0.54741
3648.84395 0.54832
3646.91538 0.54866
3644.98682 0.54774
3643.05825 0.54667
3641.12969 0.54616
3639.20112 0.54596
3637.27256 0.54569
3635.34399 0.54534
3633.41543 0.54463
3631.48687 0.54367
3629.55830 0.54400
3627.62974 0.54479
3625.70117 0.54425
3623.77261 0.54297
3621.84404 0.54216
3619.91548 0.54227
3617.98691 0.54229
3616.05835 0.54154
3614.12979 0.54077
3612.20122 0.54016
3610.27266 0.53958
3608.34409 0.53937
3606.41553 0.53917
3604.48696 0.53854
3602.55840 0.53790
3600.62983 0.53756
3598.70127 0.53718
3596.77271 0.53672
3594.84414 0.53646
3592.91558 0.53605
3590.98701 0.53517
3589.05845 0.53475
3587.12988 0.53518
3585.20132 0.53526
3583.27275 0.53457
3581.34419 0.53384
3579.41562 0.53336
3577.48706 0.53298
3575.55850 0.53265
3573.62993 0.53233
3571.70137 0.53178
3569.77280 0.53123
3567.84424 0.53128
3565.91567 0.53154
3563.98711 0.53120
3562.05854 0.53059
3560.12998 0.53018
3558.20142 0.52991
3556.27285 0.52956
3554.34429 0.52930
3552.41572 0.52923
3550.48716 0.52898
3548.55859 0.52861
3546.63003 0.52859
3544.70146 0.52876
3542.77290 0.52858
3540.84434 0.52808
3538.91577 0.52764
3536.98721 0.52749
3535.05864 0.52736
3533.13008 0.52705
3531.20151 0.52679
3529.27295 0.52673
3527.34438 0.52674
3525.41582 0.52669
3523.48726 0.52666
3521.55869 0.52654
3519.63013 0.52633
3517.70156 0.52618
3515.77300 0.52610
3513.84443 0.52598
3511.91587 0.52581
3509.98730 0.52577
3508.05874 0.52570
3506.13018 0.52554
3504.20161 0.52566
3502.27305 0.52586
3500.34448 0.52577
3498.41592 0.52555
3496.48735 0.52544
3494.55879 0.52534
3492.63022 0.52518
3490.70166 0.52505
3488.77310 0.52508
3486.84453 0.52509
3484.91597 0.52493
3482.98740 0.52488
3481.05884 0.52501
3479.13027 0.52499
3477.20171 0.52481
3475.27314 0.52465
3473.34458 0.52460
3471.41602 0.52467
3469.48745 0.52488
3467.55889 0.52502
3465.63032 0.52492
3463.70176 0.52477
3461.77319 0.52478
3459.84463 0.52478
3457.91606 0.52467
3455.98750 0.52456
3454.05894 0.52453
3452.13037 0.52454
3450.20181 0.52451
3448.27324 0.52468
3446.34468 0.52491
3444.41611 0.52489
3442.48755 0.52487
3440.55898 0.52501
3438.63042 0.52527
3436.70186 0.52552
3434.77329 0.52558
3432.84473 0.52555
3430.91616 0.52561
3428.98760 0.52570
3427.05903 0.52570
3425.13047 0.52565
3423.20190 0.52569
3421.27334 0.52592
3419.34478 0.52614
3417.41621 0.52623
3415.48765 0.52636
3413.55908 0.52659
3411.63052 0.52679
3409.70195 0.52692
3407.77339 0.52701
3405.84482 0.52710
3403.91626 0.52731
3401.98770 0.52762
3400.05913 0.52785
3398.13057 0.52776
3396.20200 0.52770
3394.27344 0.52792
3392.34487 0.52820
3390.41631 0.52831
3388.48774 0.52829
3386.55918 0.52832
3384.63062 0.52848
3382.70205 0.52866
3380.77349 0.52881
3378.84492 0.52897
3376.91636 0.52914
3374.98779 0.52930
3373.05923 0.52951
3371.13066 0.52981
3369.20210 0.53009
3367.27354 0.53021
3365.34497 0.53023
3363.41641 0.53026
3361.48784 0.53037
3359.55928 0.53046
3357.63071 0.53054
3355.70215 0.53074
3353.77358 0.53107
3351.84502 0.53144
3349.91646 0.53166
3347.98789 0.53170
3346.05933 0.53177
3344.13076 0.53199
3342.20220 0.53223
3340.27363 0.53246
3338.34507 0.53266
3336.41650 0.53276
3334.48794 0.53279
3332.55937 0.53286
3330.63081 0.53301
3328.70225 0.53324
3326.77368 0.53351
3324.84512 0.53371
3322.91655 0.53377
3320.98799 0.53382
3319.05942 0.53394
3317.13086 0.53409
3315.20229 0.53427
3313.27373 0.53451
3311.34517 0.53480
3309.41660 0.53516
3307.48804 0.53547
3305.55947 0.53560
3303.63091 0.53556
3301.70234 0.53550
3299.77378 0.53557
3297.84521 0.53582
3295.91665 0.53611
3293.98809 0.53630
3292.05952 0.53637
3290.13096 0.53636
3288.20239 0.53634
3286.27383 0.53637
3284.34526 0.53647
3282.41670 0.53663
3280.48813 0.53680
3278.55957 0.53695
3276.63101 0.53716
3274.70244 0.53745
3272.77388 0.53775
3270.84531 0.53793
3268.91675 0.53794
3266.98818 0.53789
3265.05962 0.53795
3263.13105 0.53811
3261.20249 0.53828
3259.27393 0.53847
3257.34536 0.53869
3255.41680 0.53888
3253.48823 0.53901
3251.55967 0.53916
3249.63110 0.53940
3247.70254 0.53964
3245.77397 0.53981
3243.84541 0.53994
3241.91685 0.54006
3239.98828 0.54019
3238.05972 0.54039
3236.13115 0.54070
3234.20259 0.54105
3232.27402 0.54126
3230.34546 0.54131
3228.41689 0.54138
3226.48833 0.54155
3224.55977 0.54173
3222.63120 0.54192
3220.70264 0.54218
3218.77407 0.54245
3216.84551 0.54263
3214.91694 0.54285
3212.98838 0.54308
3211.05981 0.54326
3209.13125 0.54345
3207.20269 0.54367
3205.27412 0.54387
3203.34556 0.54408
3201.41699 0.54431
3199.48843 0.54454
3197.55986 0.54476
3195.63130 0.54498
3193.70273 0.54519
3191.77417 0.54542
3189.84561 0.54567
3187.91704 0.54591
3185.98848 0.54613
3184.05991 0.54635
3182.13135 0.54656
3180.20278 0.54677
3178.27422 0.54700
3176.34565 0.54722
3174.41709 0.54743
3172.48853 0.54765
3170.55996 0.54789
3168.63140 0.54814
3166.70283 0.54840
3164.77427 0.54863
3162.84570 0.54884
3160.91714 0.54904
3158.98857 0.54928
3157.06001 0.54957
3155.13145 0.54995
3153.20288 0.55032
3151.27432 0.55053
3149.34575 0.55058
3147.41719 0.55064
3145.48862 0.55079
3143.56006 0.55100
3141.63149 0.55132
3139.70293 0.55165
3137.77437 0.55180
3135.84580 0.55181
3133.91724 0.55192
3131.98867 0.55218
3130.06011 0.55243
3128.13154 0.55259
3126.20298 0.55274
3124.27441 0.55300
3122.34585 0.55333
3120.41729 0.55367
3118.48872 0.55395
3116.56016 0.55413
3114.63159 0.55417
3112.70303 0.55416
3110.77446 0.55427
3108.84590 0.55446
3106.91733 0.55453
3104.98877 0.55454
3103.06021 0.55470
3101.13164 0.55499
3099.20308 0.55517
3097.27451 0.55521
3095.34595 0.55529
3093.41738 0.55550
3091.48882 0.55583
3089.56025 0.55612
3087.63169 0.55631
3085.70312 0.55648
3083.77456 0.55668
3081.84600 0.55691
3079.91743 0.55713
3077.98887 0.55725
3076.06030 0.55721
3074.13174 0.55713
3072.20317 0.55721
3070.27461 0.55746
3068.34604 0.55778
3066.41748 0.55800
3064.48892 0.55810
3062.56035 0.55816
3060.63179 0.55827
3058.70322 0.55845
3056.77466 0.55869
3054.84609 0.55893
3052.91753 0.55913
3050.98896 0.55930
3049.06040 0.55943
3047.13184 0.55965
3045.20327 0.55995
3043.27471 0.56022
3041.34614 0.56035
3039.41758 0.56038
3037.48901 0.56047
3035.56045 0.56071
3033.63188 0.56094
3031.70332 0.56106
3029.77476 0.56113
3027.84619 0.56123
3025.91763 0.56140
3023.98906 0.56158
3022.06050 0.56174
3020.13193 0.56193
3018.20337 0.56218
3016.27480 0.56246
3014.34624 0.56269
3012.41768 0.56282
3010.48911 0.56282
3008.56055 0.56269
3006.63198 0.56259
3004.70342 0.56267
3002.77485 0.56289
3000.84629 0.56317
2998.91772 0.56331
2996.98916 0.56347
2995.06060 0.56356
2993.13203 0.56367
2991.20347 0.56372
2989.27490 0.56367
2987.34634 0.56368
2985.41777 0.56382
2983.48921 0.56406
2981.56064 0.56433
2979.63208 0.56450
2977.70352 0.56453
2975.77495 0.56452
2973.84639 0.56450
2971.91782 0.56443
2969.98926 0.56435
2968.06069 0.56428
2966.13213 0.56422
2964.20356 0.56422
2962.27500 0.56425
2960.34644 0.56427
2958.41787 0.56427
2956.48931 0.56438
2954.56074 0.56460
2952.63218 0.56479
2950.70361 0.56489
2948.77505 0.56501
2946.84648 0.56515
2944.91792 0.56517
2942.98936 0.56496
2941.06079 0.56460
2939.13223 0.56423
2937.20366 0.56392
2935.27510 0.56362
2933.34653 0.56333
2931.41797 0.56307
2929.48940 0.56279
2927.56084 0.56245
2925.63228 0.56218
2923.70371 0.56217
2921.77515 0.56247
2919.84658 0.56306
2917.91802 0.56385
2915.98945 0.56468
2914.06089 0.56545
2912.13232 0.56606
2910.20376 0.56649
2908.27520 0.56684
2906.34663 0.56719
2904.41807 0.56754
2902.48950 0.56784
2900.56094 0.56809
2898.63237 0.56839
2896.70381 0.56873
2894.77524 0.56900
2892.84668 0.56919
2890.91812 0.56940
2888.98955 0.56967
2887.06099 0.56994
2885.13242 0.57017
2883.20386 0.57035
2881.27529 0.57050
2879.34673 0.57061
2877.41816 0.57074
2875.48960 0.57096
2873.56104 0.57117
2871.63247 0.57121
2869.70391 0.57113
2867.77534 0.57112
2865.84678 0.57115
2863.91821 0.57109
2861.98965 0.57098
2860.06108 0.57081
2858.13252 0.57054
2856.20396 0.57023
2854.27539 0.57003
2852.34683 0.57011
2850.41826 0.57054
2848.48970 0.57124
2846.56113 0.57195
2844.63257 0.57256
2842.70400 0.57313
2840.77544 0.57371
2838.84687 0.57422
2836.91831 0.57455
2834.98975 0.57472
2833.06118 0.57485
2831.13262 0.57495
2829.20405 0.57506
2827.27549 0.57520
2825.34692 0.57539
2823.41836 0.57559
2821.48979 0.57577
2819.56123 0.57592
2817.63267 0.57604
2815.70410 0.57612
2813.77554 0.57622
2811.84697 0.57639
2809.91841 0.57657
2807.98984 0.57671
2806.06128 0.57681
2804.13271 0.57692
2802.20415 0.57704
2800.27559 0.57720
2798.34702 0.57740
2796.41846 0.57753
2794.48989 0.57762
2792.56133 0.57774
2790.63276 0.57789
2788.70420 0.57800
2786.77563 0.57802
2784.84707 0.57806
2782.91851 0.57817
2780.98994 0.57833
2779.06138 0.57846
2777.13281 0.57860
2775.20425 0.57877
2773.27568 0.57888
2771.34712 0.57891
2769.41855 0.57894
2767.48999 0.57903
2765.56143 0.57912
2763.63286 0.57918
2761.70430 0.57926
2759.77573 0.57937
2757.84717 0.57950
2755.91860 0.57960
2753.99004 0.57970
2752.06147 0.57983
2750.13291 0.58000
2748.20435 0.58014
2746.27578 0.58021
2744.34722 0.58025
2742.41865 0.58032
2740.49009 0.58043
2738.56152 0.58055
2736.63296 0.58066
2734.70439 0.58075
2732.77583 0.58085
2730.84727 0.58098
2728.91870 0.58114
2726.99014 0.58132
2725.06157 0.58147
2723.13301 0.58155
2721.20444 0.58157
2719.27588 0.58158
2717.34731 0.58164
2715.41875 0.58175
2713.49019 0.58189
2711.56162 0.58203
2709.63306 0.58216
2707.70449 0.58226
2705.77593 0.58235
2703.84736 0.58244
2701.91880 0.58255
2699.99023 0.58266
2698.06167 0.58276
2696.13311 0.58285
2694.20454 0.58294
2692.27598 0.58304
2690.34741 0.58317
2688.41885 0.58331
2686.49028 0.58341
2684.56172 0.58350
2682.63315 0.58362
2680.70459 0.58376
2678.77603 0.58388
2676.84746 0.58395
2674.91890 0.58401
2672.99033 0.58410
2671.06177 0.58419
2669.13320 0.58425
2667.20464 0.58430
2665.27607 0.58438
2663.34751 0.58446
2661.41895 0.58455
2659.49038 0.58464
2657.56182 0.58472
2655.63325 0.58483
2653.70469 0.58492
2651.77612 0.58500
2649.84756 0.58507
2647.91899 0.58514
2645.99043 0.58521
2644.06187 0.58528
2642.13330 0.58537
2640.20474 0.58549
2638.27617 0.58563
2636.34761 0.58573
2634.41904 0.58581
2632.49048 0.58588
2630.56191 0.58594
2628.63335 0.58603
2626.70479 0.58614
2624.77622 0.58624
2622.84766 0.58631
2620.91909 0.58637
2618.99053 0.58646
2617.06196 0.58658
2615.13340 0.58668
2613.20483 0.58674
2611.27627 0.58678
2609.34771 0.58684
2607.41914 0.58693
2605.49058 0.58704
2603.56201 0.58715
2601.63345 0.58726
2599.70488 0.58736
2597.77632 0.58747
2595.84775 0.58758
2593.91919 0.58767
2591.99062 0.58775
2590.06206 0.58784
2588.13350 0.58793
2586.20493 0.58800
2584.27637 0.58810
2582.34780 0.58824
2580.41924 0.58836
2578.49067 0.58843
2576.56211 0.58852
2574.63354 0.58864
2572.70498 0.58874
2570.77642 0.58883
2568.84785 0.58893
2566.91929 0.58905
2564.99072 0.58915
2563.06216 0.58926
2561.13359 0.58939
2559.20503 0.58949
2557.27646 0.58955
2555.34790 0.58963
2553.41934 0.58973
2551.49077 0.58984
2549.56221 0.58996
2547.63364 0.59010
2545.70508 0.59021
2543.77651 0.59029
2541.84795 0.59037
2539.91938 0.59049
2537.99082 0.59061
2536.06226 0.59070
2534.13369 0.59077
2532.20513 0.59086
2530.27656 0.59098
2528.34800 0.59108
2526.41943 0.59117
2524.49087 0.59125
2522.56230 0.59135
2520.63374 0.59145
2518.70518 0.59154
2516.77661 0.59162
2514.84805 0.59170
2512.91948 0.59179
2510.99092 0.59188
2509.06235 0.59199
2507.13379 0.59211
2505.20522 0.59221
2503.27666 0.59228
2501.34810 0.59235
2499.41953 0.59245
2497.49097 0.59256
2495.56240 0.59266
2493.63384 0.59271
2491.70527 0.59277
2489.77671 0.59285
2487.84814 0.59296
2485.91958 0.59305
2483.99102 0.59312
2482.06245 0.59319
2480.13389 0.59326
2478.20532 0.59333
2476.27676 0.59341
2474.34819 0.59349
2472.41963 0.59357
2470.49106 0.59363
2468.56250 0.59369
2466.63394 0.59379
2464.70537 0.59389
2462.77681 0.59398
2460.84824 0.59406
2458.91968 0.59411
2456.99111 0.59418
2455.06255 0.59427
2453.13398 0.59435
2451.20542 0.59442
2449.27686 0.59451
2447.34829 0.59460
2445.41973 0.59468
2443.49116 0.59474
2441.56260 0.59481
2439.63403 0.59492
2437.70547 0.59503
2435.77690 0.59514
2433.84834 0.59524
2431.91978 0.59532
2429.99121 0.59539
2428.06265 0.59548
2426.13408 0.59560
2424.20552 0.59569
2422.27695 0.59578
2420.34839 0.59588
2418.41982 0.59597
2416.49126 0.59608
2414.56270 0.59618
2412.63413 0.59625
2410.70557 0.59633
2408.77700 0.59644
2406.84844 0.59656
2404.91987 0.59666
2402.99131 0.59677
2401.06274 0.59688
2399.13418 0.59703
2397.20562 0.59711
2395.27705 0.59721
2393.34849 0.59734
2391.41992 0.59747
2389.49136 0.59759
2387.56279 0.59771
2385.63423 0.59782
2383.70566 0.59786
2381.77710 0.59780
2379.84854 0.59762
2377.91997 0.59744
2375.99141 0.59741
2374.06284 0.59765
2372.13428 0.59800
2370.20571 0.59824
2368.27715 0.59833
2366.34858 0.59837
2364.42002 0.59840
2362.49146 0.59846
2360.56289 0.59860
2358.63433 0.59882
2356.70576 0.59904
2354.77720 0.59926
2352.84863 0.59960
2350.92007 0.59982
2348.99150 0.59947
2347.06294 0.59891
2345.13437 0.59898
2343.20581 0.59952
2341.27725 0.59979
2339.34868 0.59986
2337.42012 0.59995
2335.49155 0.60002
2333.56299 0.60002
2331.63442 0.60002
2329.70586 0.60012
2327.77729 0.60024
2325.84873 0.60029
2323.92017 0.60040
2321.99160 0.60064
2320.06304 0.60086
2318.13447 0.60092
2316.20591 0.60083
2314.27734 0.60075
2312.34878 0.60081
2310.42021 0.60100
2308.49165 0.60124
2306.56309 0.60144
2304.63452 0.60160
2302.70596 0.60169
2300.77739 0.60176
2298.84883 0.60185
2296.92026 0.60192
2294.99170 0.60196
2293.06313 0.60198
2291.13457 0.60203
2289.20601 0.60212
2287.27744 0.60221
2285.34888 0.60230
2283.42031 0.60237
2281.49175 0.60242
2279.56318 0.60251
2277.63462 0.60264
2275.70605 0.60277
2273.77749 0.60290
2271.84893 0.60303
2269.92036 0.60314
2267.99180 0.60322
2266.06323 0.60330
2264.13467 0.60339
2262.20610 0.60350
2260.27754 0.60361
2258.34897 0.60370
2256.42041 0.60378
2254.49185 0.60389
2252.56328 0.60404
2250.63472 0.60421
2248.70615 0.60394
2246.77759 0.60412
2244.84902 0.60429
2242.92046 0.60443
2240.99189 0.60458
2239.06333 0.60473
2237.13477 0.60488
2235.20620 0.60503
2233.27764 0.60517
2231.34907 0.60528
2229.42051 0.60540
2227.49194 0.60550
2225.56338 0.60561
2223.63481 0.60572
2221.70625 0.60583
2219.77769 0.60595
2217.84912 0.60609
2215.92056 0.60620
2213.99199 0.60627
2212.06343 0.60636
2210.13486 0.60649
2208.20630 0.60661
2206.27773 0.60672
2204.34917 0.60683
2202.42061 0.60695
2200.49204 0.60704
2198.56348 0.60711
2196.63491 0.60719
2194.70635 0.60729
2192.77778 0.60738
2190.84922 0.60747
2188.92065 0.60757
2186.99209 0.60767
2185.06353 0.60774
2183.13496 0.60779
2181.20640 0.60787
2179.27783 0.60798
2177.34927 0.60806
2175.42070 0.60812
2173.49214 0.60817
2171.56357 0.60825
2169.63501 0.60834
2167.70645 0.60843
2165.77788 0.60852
2163.84932 0.60859
2161.92075 0.60866
2159.99219 0.60872
2158.06362 0.60880
2156.13506 0.60888
2154.20649 0.60897
2152.27793 0.60904
2150.34937 0.60911
2148.42080 0.60919
2146.49224 0.60925
2144.56367 0.60930
2142.63511 0.60936
2140.70654 0.60943
2138.77798 0.60948
2136.84941 0.60950
2134.92085 0.60955
2132.99229 0.60963
2131.06372 0.60971
2129.13516 0.60982
2127.20659 0.60992
2125.27803 0.60998
2123.34946 0.61002
2121.42090 0.61009
2119.49233 0.61018
2117.56377 0.61028
2115.63521 0.61037
2113.70664 0.61044
2111.77808 0.61050
2109.84951 0.61059
2107.92095 0.61070
2105.99238 0.61079
2104.06382 0.61085
2102.13525 0.61092
2100.20669 0.61102
2098.27812 0.61123
2096.34956 0.61124
2094.42100 0.61132
2092.49243 0.61141
2090.56387 0.61152
2088.63530 0.61164
2086.70674 0.61174
2084.77817 0.61183
2082.84961 0.61191
2080.92104 0.61201
2078.99248 0.61213
2077.06392 0.61224
2075.13535 0.61233
2073.20679 0.61243
2071.27822 0.61255
2069.34966 0.61265
2067.42109 0.61277
2065.49253 0.61296
2063.56396 0.61308
2061.63540 0.61313
2059.70684 0.61322
2057.77827 0.61333
2055.84971 0.61342
2053.92114 0.61353
2051.99258 0.61366
2050.06401 0.61378
2048.13545 0.61388
2046.20688 0.61399
2044.27832 0.61408
2042.34976 0.61421
2040.42119 0.61433
2038.49263 0.61436
2036.56406 0.61441
2034.63550 0.61450
2032.70693 0.61461
2030.77837 0.61471
2028.84980 0.61481
2026.92124 0.61490
2024.99268 0.61498
2023.06411 0.61505
2021.13555 0.61509
2019.20698 0.61520
2017.27842 0.61540
2015.34985 0.61546
2013.42129 0.61544
2011.49272 0.61551
2009.56416 0.61560
2007.63560 0.61567
2005.70703 0.61572
2003.77847 0.61576
2001.84990 0.61582
1999.92134 0.61592
1997.99277 0.61601
1996.06421 0.61597
1994.13564 0.61603
1992.20708 0.61632
1990.27852 0.61638
1988.34995 0.61631
1986.42139 0.61634
1984.49282 0.61640
1982.56426 0.61649
1980.63569 0.61656
1978.70713 0.61660
1976.77856 0.61665
1974.85000 0.61673
1972.92144 0.61680
1970.99287 0.61680
1969.06431 0.61694
1967.13574 0.61722
1965.20718 0.61723
1963.27861 0.61714
1961.35005 0.61721
1959.42148 0.61729
1957.49292 0.61734
1955.56436 0.61744
1953.63579 0.61753
1951.70723 0.61758
1949.77866 0.61764
1947.85010 0.61770
1945.92153 0.61772
1943.99297 0.61802
1942.06440 0.61839
1940.13584 0.61826
1938.20728 0.61812
1936.27871 0.61823
1934.35015 0.61837
1932.42158 0.61848
1930.49302 0.61858
1928.56445 0.61867
1926.63589 0.61866
1924.70732 0.61887
1922.77876 0.61916
1920.85020 0.61904
1918.92163 0.61936
1916.99307 0.61973
1915.06450 0.61951
1913.13594 0.61939
1911.20737 0.61963
1909.27881 0.61995
1907.35024 0.62002
1905.42168 0.61999
1903.49312 0.62009
1901.56455 0.62021
1899.63599 0.62028
1897.70742 0.62038
1895.77886 0.62064
1893.85029 0.62065
1891.92173 0.62063
1889.99316 0.62111
1888.06460 0.62124
1886.13604 0.62103
1884.20747 0.62107
1882.27891 0.62121
1880.35034 0.62130
1878.42178 0.62139
1876.49321 0.62146
1874.56465 0.62145
1872.63608 0.62127
1870.70752 0.62166
1868.77896 0.62253
1866.85039 0.62252
1864.92183 0.62198
1862.99326 0.62182
1861.06470 0.62197
1859.13613 0.62211
1857.20757 0.62218
1855.27900 0.62221
1853.35044 0.62224
1851.42187 0.62224
1849.49331 0.62221
1847.56475 0.62206
1845.63618 0.62263
1843.70762 0.62345
1841.77905 0.62292
1839.85049 0.62228
1837.92192 0.62240
1835.99336 0.62256
1834.06479 0.62233
1832.13623 0.62246
1830.20767 0.62316
1828.27910 0.62313
1826.35054 0.62293
1824.42197 0.62309
1822.49341 0.62287
1820.56484 0.62262
1818.63628 0.62269
1816.70771 0.62277
1814.77915 0.62267
1812.85059 0.62281
1810.92202 0.62316
1808.99346 0.62317
1807.06489 0.62285
1805.13633 0.62256
1803.20776 0.62262
1801.27920 0.62308
1799.35063 0.62326
1797.42207 0.62286
1795.49351 0.62259
1793.56494 0.62332
1791.63638 0.62407
1789.70781 0.62345
1787.77925 0.62264
1785.85068 0.62268
1783.92212 0.62293
1781.99355 0.62313
1780.06499 0.62329
1778.13643 0.62298
1776.20786 0.62261
1774.27930 0.62319
1772.35073 0.62428
1770.42217 0.62413
1768.49360 0.62344
1766.56504 0.62286
1764.63647 0.62256
1762.70791 0.62311
1760.77935 0.62333
1758.85078 0.62295
1756.92222 0.62282
1754.99365 0.62220
1753.06509 0.62187
1751.13652 0.62247
1749.20796 0.62271
1747.27939 0.62210
1745.35083 0.62140
1743.42227 0.62110
1741.49370 0.62134
1739.56514 0.62141
1737.63657 0.62050
1735.70801 0.62102
1733.77944 0.62275
1731.85088 0.62235
1729.92231 0.62134
1727.99375 0.62095
1726.06519 0.62086
1724.13662 0.62082
1722.20806 0.62030
1720.27949 0.62023
1718.35093 0.62152
1716.42236 0.62211
1714.49380 0.62115
1712.56523 0.61991
1710.63667 0.61920
1708.70811 0.61915
1706.77954 0.61959
1704.85098 0.61921
1702.92241 0.61850
1700.99385 0.61955
1699.06528 0.61952
1697.13672 0.61862
1695.20815 0.61817
1693.27959 0.61651
1691.35103 0.61523
1689.42246 0.61453
1687.49390 0.61380
1685.56533 0.61474
1683.63677 0.61543
1681.70820 0.61315
1679.77964 0.61065
1677.85107 0.60970
1675.92251 0.60997
1673.99395 0.60925
1672.06538 0.60801
1670.13682 0.60794
1668.20825 0.60711
1666.27969 0.60501
1664.35112 0.60418
1662.42256 0.60423
1660.49399 0.60310
1658.56543 0.60119
1656.63687 0.60015
1654.70830 0.60201
1652.77974 0.60385
1650.85117 0.60100
1648.92261 0.59905
1646.99404 0.60030
1645.06548 0.60038
1643.13691 0.59889
1641.20835 0.59794
1639.27979 0.59787
1637.35122 0.59931
1635.42266 0.60097
1633.49409 0.60001
1631.56553 0.59851
1629.63696 0.59869
1627.70840 0.59945
1625.77983 0.59994
1623.85127 0.60080
1621.92271 0.60084
1619.99414 0.60025
1618.06558 0.60146
1616.13701 0.60302
1614.20845 0.60258
1612.27988 0.60205
1610.35132 0.60256
1608.42275 0.60327
1606.49419 0.60362
1604.56562 0.60391
1602.63706 0.60433
1600.70850 0.60466
1598.77993 0.60490
1596.85137 0.60527
1594.92280 0.60571
1592.99424 0.60600
1591.06567 0.60618
1589.13711 0.60638
1587.20854 0.60661
1585.27998 0.60688
1583.35142 0.60709
1581.42285 0.60700
1579.49429 0.60697
1577.56572 0.60836
1575.63716 0.60962
1573.70859 0.60854
1571.78003 0.60811
1569.85146 0.60943
1567.92290 0.60974
1565.99434 0.60908
1564.06577 0.60829
1562.13721 0.60834
1560.20864 0.61141
1558.28008 0.61364
1556.35151 0.61150
1554.42295 0.60971
1552.49438 0.60940
1550.56582 0.60958
1548.63726 0.60940
1546.70869 0.60906
1544.78013 0.60933
1542.85156 0.61021
1540.92300 0.61191
1538.99443 0.61185
1537.06587 0.60917
1535.13730 0.60832
1533.20874 0.60923
1531.28018 0.60864
1529.35161 0.60779
1527.42305 0.60791
1525.49448 0.60785
1523.56592 0.60792
1521.63735 0.60851
1519.70879 0.60784
1517.78022 0.60706
1515.85166 0.60665
1513.92310 0.60575
1511.99453 0.60485
1510.06597 0.60472
1508.13740 0.60657
1506.20884 0.60788
1504.28027 0.60548
1502.35171 0.60309
1500.42314 0.60289
1498.49458 0.60374
1496.56602 0.60395
1494.63745 0.60258
1492.70889 0.60144
1490.78032 0.60195
1488.85176 0.60223
1486.92319 0.60123
1484.99463 0.59983
1483.06606 0.59898
1481.13750 0.59841
1479.20894 0.59755
1477.28037 0.59682
1475.35181 0.59650
1473.42324 0.59647
1471.49468 0.59527
1469.56611 0.59276
1467.63755 0.59134
1465.70898 0.59138
1463.78042 0.59062
1461.85186 0.58870
1459.92329 0.58804
1457.99473 0.58906
1456.06616 0.58839
1454.13760 0.58565
1452.20903 0.58373
1450.28047 0.58308
1448.35190 0.58281
1446.42334 0.58203
1444.49478 0.58092
1442.56621 0.57997
1440.63765 0.57902
1438.70908 0.57876
1436.78052 0.57894
1434.85195 0.57754
1432.92339 0.57575
1430.99482 0.57499
1429.06626 0.57417
1427.13770 0.57282
1425.20913 0.57165
1423.28057 0.57042
1421.35200 0.56947
1419.42344 0.56914
1417.49487 0.56780
1415.56631 0.56579
1413.63774 0.56439
1411.70918 0.56338
1409.78062 0.56220
1407.85205 0.56095
1405.92349 0.55990
1403.99492 0.55856
1402.06636 0.55695
1400.13779 0.55585
1398.20923 0.55477
1396.28066 0.55350
1394.35210 0.55219
1392.42354 0.55035
1390.49497 0.54877
1388.56641 0.54808
1386.63784 0.54731
1384.70928 0.54587
1382.78071 0.54442
1380.85215 0.54315
1378.92358 0.54191
1376.99502 0.54082
1375.06646 0.54008
1373.13789 0.53905
1371.20933 0.53762
1369.28076 0.53646
1367.35220 0.53525
1365.42363 0.53400
1363.49507 0.53308
1361.56650 0.53181
1359.63794 0.53014
1357.70937 0.52875
1355.78081 0.52768
1353.85225 0.52661
1351.92368 0.52549
1349.99512 0.52441
1348.06655 0.52330
1346.13799 0.52215
1344.20942 0.52095
1342.28086 0.51987
1340.35229 0.51901
1338.42373 0.51788
1336.49517 0.51640
1334.56660 0.51503
1332.63804 0.51382
1330.70947 0.51258
1328.78091 0.51124
1326.85234 0.50982
1324.92378 0.50836
1322.99521 0.50686
1321.06665 0.50538
1319.13809 0.50389
1317.20952 0.50224
1315.28096 0.50057
1313.35239 0.49899
1311.42383 0.49736
1309.49526 0.49569
1307.56670 0.49404
1305.63813 0.49233
1303.70957 0.49056
1301.78101 0.48872
1299.85244 0.48682
1297.92388 0.48485
1295.99531 0.48281
1294.06675 0.48069
1292.13818 0.47851
1290.20962 0.47631
1288.28105 0.47410
1286.35249 0.47182
1284.42393 0.46950
1282.49536 0.46719
1280.56680 0.46486
1278.63823 0.46250
1276.70967 0.46013
1274.78110 0.45770
1272.85254 0.45523
1270.92397 0.45271
1268.99541 0.45010
1267.06685 0.44745
1265.13828 0.44478
1263.20972 0.44212
1261.28115 0.43946
1259.35259 0.43671
1257.42402 0.43389
1255.49546 0.43110
1253.56689 0.42832
1251.63833 0.42552
1249.70977 0.42268
1247.78120 0.41984
1245.85264 0.41701
1243.92407 0.41417
1241.99551 0.41133
1240.06694 0.40848
1238.13838 0.40560
1236.20981 0.40274
1234.28125 0.39991
1232.35269 0.39708
1230.42412 0.39425
1228.49556 0.39143
1226.56699 0.38862
1224.63843 0.38580
1222.70986 0.38298
1220.78130 0.38015
1218.85273 0.37734
1216.92417 0.37458
1214.99561 0.37186
1213.06704 0.36917
1211.13848 0.36647
1209.20991 0.36374
1207.28135 0.36101
1205.35278 0.35834
1203.42422 0.35570
1201.49565 0.35302
1199.56709 0.35048
1197.63853 0.34786
1195.70996 0.34526
1193.78140 0.34270
1191.85283 0.34014
1189.92427 0.33757
1187.99570 0.33498
1186.06714 0.33242
1184.13857 0.32989
1182.21001 0.32731
1180.28145 0.32472
1178.35288 0.32221
1176.42432 0.31973
1174.49575 0.31720
1172.56719 0.31465
1170.63862 0.31212
1168.71006 0.30961
1166.78149 0.30712
1164.85293 0.30465
1162.92437 0.30217
1160.99580 0.29969
1159.06724 0.29721
1157.13867 0.29476
1155.21011 0.29231
1153.28154 0.28986
1151.35298 0.28744
1149.42441 0.28505
1147.49585 0.28265
1145.56729 0.28025
1143.63872 0.27788
1141.71016 0.27554
1139.78159 0.27323
1137.85303 0.27095
1135.92446 0.26867
1133.99590 0.26640
1132.06733 0.26416
1130.13877 0.26200
1128.21021 0.25989
1126.28164 0.25782
1124.35308 0.25581
1122.42451 0.25386
1120.49595 0.25195
1118.56738 0.25011
1116.63882 0.24834
1114.71025 0.24663
1112.78169 0.24495
1110.85312 0.24330
1108.92456 0.24170
1106.99600 0.24013
1105.06743 0.23862
1103.13887 0.23716
1101.21030 0.23575
1099.28174 0.23439
1097.35317 0.23307
1095.42461 0.23181
1093.49604 0.23059
1091.56748 0.22943
1089.63892 0.22834
1087.71035 0.22728
1085.78179 0.22624
1083.85322 0.22526
1081.92466 0.22437
1079.99609 0.22349
1078.06753 0.22260
1076.13896 0.22174
1074.21040 0.22094
1072.28184 0.22019
1070.35327 0.21944
1068.42471 0.21866
1066.49614 0.21790
1064.56758 0.21722
1062.63901 0.21659
1060.71045 0.21596
1058.78188 0.21535
1056.85332 0.21477
1054.92476 0.21423
1052.99619 0.21370
1051.06763 0.21316
1049.13906 0.21262
1047.21050 0.21212
1045.28193 0.21163
1043.35337 0.21115
1041.42480 0.21071
1039.49624 0.21031
1037.56768 0.20992
1035.63911 0.20953
1033.71055 0.20912
1031.78198 0.20872
1029.85342 0.20829
1027.92485 0.20783
1025.99629 0.20739
1024.06772 0.20700
1022.13916 0.20663
1020.21060 0.20625
1018.28203 0.20589
1016.35347 0.20554
1014.42490 0.20518
1012.49634 0.20481
1010.56777 0.20447
1008.63921 0.20416
1006.71064 0.20387
1004.78208 0.20358
1002.85352 0.20329
1000.92495 0.20302
998.99639 0.20279
997.06782 0.20256
995.13926 0.20231
993.21069 0.20206
991.28213 0.20183
989.35356 0.20162
987.42500 0.20140
985.49644 0.20116
983.56787 0.20094
981.63931 0.20076
979.71074 0.20060
977.78218 0.20043
975.85361 0.20023
973.92505 0.20002
971.99648 0.19982
970.06792 0.19967
968.13936 0.19953
966.21079 0.19939
964.28223 0.19924
962.35366 0.19909
960.42510 0.19897
958.49653 0.19888
956.56797 0.19880
954.63940 0.19870
952.71084 0.19862
950.78228 0.19856
948.85371 0.19850
946.92515 0.19839
944.99658 0.19829
943.06802 0.19822
941.13945 0.19817
939.21089 0.19811
937.28232 0.19806
935.35376 0.19803
933.42520 0.19800
931.49663 0.19797
929.56807 0.19790
927.63950 0.19783
925.71094 0.19778
923.78237 0.19776
921.85381 0.19774
919.92524 0.19772
917.99668 0.19766
916.06812 0.19757
914.13955 0.19747
912.21099 0.19741
910.28242 0.19736
908.35386 0.19729
906.42529 0.19725
904.49673 0.19723
902.56816 0.19719
900.63960 0.19709
898.71104 0.19696
896.78247 0.19685
894.85391 0.19680
892.92534 0.19676
890.99678 0.19667
889.06821 0.19653
887.13965 0.19643
885.21108 0.19637
883.28252 0.19631
881.35396 0.19624
879.42539 0.19618
877.49683 0.19611
875.56826 0.19605
873.63970 0.19598
871.71113 0.19588
869.78257 0.19581
867.85400 0.19577
865.92544 0.19571
863.99687 0.19561
862.06831 0.19549
860.13975 0.19540
858.21118 0.19533
856.28262 0.19525
854.35405 0.19519
852.42549 0.19515
850.49692 0.19511
848.56836 0.19503
846.63979 0.19492
844.71123 0.19483
842.78267 0.19478
840.85410 0.19476
838.92554 0.19479
836.99697 0.19482
835.06841 0.19480
833.13984 0.19478
831.21128 0.19481
829.28271 0.19483
827.35415 0.19483
825.42559 0.19484
823.49702 0.19485
821.56846 0.19485
819.63989 0.19484
817.71133 0.19483
815.78276 0.19485
813.85420 0.19487
811.92563 0.19484
809.99707 0.19473
808.06851 0.19458
806.13994 0.19448
804.21138 0.19442
802.28281 0.19434
800.35425 0.19429
798.42568 0.19433
796.49712 0.19445
794.56855 0.19459
792.63999 0.19474
790.71143 0.19487
788.78286 0.19496
786.85430 0.19504
784.92573 0.19510
782.99717 0.19511
781.06860 0.19508
779.14004 0.19504
777.21147 0.19502
775.28291 0.19498
773.35435 0.19489
771.42578 0.19476
769.49722 0.19466
767.56865 0.19464
765.64009 0.19471
763.71152 0.19482
761.78296 0.19495
759.85439 0.19506
757.92583 0.19521
755.99727 0.19545
754.06870 0.19576
752.14014 0.19608
750.21157 0.19637
748.28301 0.19659
746.35444 0.19672
744.42588 0.19681
742.49731 0.19689
740.56875 0.19695
738.64019 0.19697
736.71162 0.19695
734.78306 0.19695
732.85449 0.19698
730.92593 0.19700
728.99736 0.19699
727.06880 0.19696
725.14023 0.19687
723.21167 0.19661
721.28311 0.19662
719.35454 0.19661
717.42598 0.19657
715.49741 0.19658
713.56885 0.19660
711.64028 0.19655
709.71172 0.19639
707.78315 0.19621
705.85459 0.19604
703.92603 0.19587
701.99746 0.19566
700.06890 0.19535
698.14033 0.19496
696.21177 0.19455
694.28320 0.19423
692.35464 0.19398
690.42607 0.19371
688.49751 0.19332
686.56895 0.19290
684.64038 0.19252
682.71182 0.19224
680.78325 0.19204
678.85469 0.19189
676.92612 0.19176
674.99756 0.19170
673.06899 0.19180
671.14043 0.19200
669.21187 0.19212
667.28330 0.19194
665.35474 0.19180
663.42617 0.19205
661.49761 0.19253
659.56904 0.19289
657.64048 0.19311
655.71191 0.19327
653.78335 0.19340
651.85479 0.19345
649.92622 0.19345
647.99766 0.19351
646.06909 0.19362
644.14053 0.19372
642.21196 0.19380
640.28340 0.19393
638.35483 0.19417
636.42627 0.19442
634.49771 0.19461
632.56914 0.19474
630.64058 0.19474
628.71201 0.19463
626.78345 0.19461
624.85488 0.19462
622.92632 0.19467
620.99775 0.19466
619.06919 0.19455
617.14062 0.19453
615.21206 0.19457
613.28350 0.19455
611.35493 0.19449
609.42637 0.19446
607.49780 0.19448
605.56924 0.19458
603.64067 0.19472
601.71211 0.19486
599.78354 0.19496
597.85498 0.19492
595.92642 0.19469
593.99785 0.19432
592.06929 0.19388
590.14072 0.19337
588.21216 0.19293
586.28359 0.19267
584.35503 0.19257
582.42646 0.19258
580.49790 0.19258
578.56934 0.19264
576.64077 0.19286
574.71221 0.19308
572.78364 0.19321
570.85508 0.19330
568.92651 0.19337
566.99795 0.19345
565.06938 0.19360
563.14082 0.19378
561.21226 0.19387
559.28369 0.19392
557.35513 0.19406
555.42656 0.19430
553.49800 0.19457
551.56943 0.19485
549.64087 0.19513
547.71230 0.19544
545.78374 0.19575
543.85518 0.19606
541.92661 0.19639
539.99805 0.19664
538.06948 0.19677
536.14092 0.19689
534.21235 0.19711
532.28379 0.19739
530.35522 0.19755
528.42666 0.19762
526.49810 0.19769
524.56953 0.19760
522.64097 0.19742
520.71240 0.19736
518.78384 0.19733
516.85527 0.19729
514.92671 0.19730
512.99814 0.19735
511.06958 0.19726
509.14102 0.19702
507.21245 0.19668
505.28389 0.19620
503.35532 0.19578
501.42676 0.19533
499.49819 0.19492
497.56963 0.19479
495.64106 0.19485
493.71250 0.19504
491.78394 0.19527
489.85537 0.19534
487.92681 0.19531
485.99824 0.19537
484.06968 0.19527
482.14111 0.19478
480.21255 0.19431
478.28398 0.19433
476.35542 0.19463
474.42686 0.19497
472.49829 0.19527
470.56973 0.19543
468.64116 0.19567
466.71260 0.19591
464.78403 0.19628
462.85547 0.19693
460.92690 0.19750
458.99834 0.19787
457.06978 0.19798
455.14121 0.19819
453.21265 0.19882
451.28408 0.19920
449.35552 0.19911
447.42695 0.19889
445.49839 0.19888
443.56982 0.19935
441.64126 0.19972
439.71270 0.19951
437.78413 0.19922
435.85557 0.19934
433.92700 0.19975
431.99844 0.19976
430.06987 0.19931
428.14131 0.19927
426.21274 0.19961
424.28418 0.19953
422.35562 0.19898
420.42705 0.19853
418.49849 0.19803
416.56992 0.19738
414.64136 0.19689
412.71279 0.19627
410.78423 0.19575
408.85566 0.19586
406.92710 0.19634
404.99854 0.19659
403.06997 0.19630
401.14141 0.19590
399.21284 0.19591
